[Producto],
[121746736.80],
[46009494.00],
[444734576.00],
[331610704.50],
[153274380.00],
[67296492.00],
[60770904.00],
[303554223.00],
[26156219.40],
[798563764.80],
[562645328.00],
[194105952.00],
[669734535.60],
[281859982.20],
[1377256230.00],
[272437734.00],
[183605094.00],
[702590140.80],
[24777698.40],
[64931958.00],
[838395187.20],
[97402041.00],
[344871878.40],
[82890207.00],
[78655404.90],
[704790180.00],
[347099256.00],
[264258666.00],
[675573390.00],
[62091263.70],
[147834964.80],
[261369273.60],
[90631864.80],
[105123566.40],
[194665032.00],
[1539761808.00],
[547011565.20],
[542015010.00],
[112079986.20],
[361656470.00],
[191280902.40],
[747294840.00],
[148117800.60],
[345722004.00],
[361838880.00],
[311785308.00],
[235473042.60],
[128428902.00],
[237910248.00],
[45215859.00],
[95060610.00],
[375071378.40],
[29532512.00],
[58215536.00],
[72697500.00],
[889186680.00],
[376467264.00],
[253156804.80],
[674983821.60],
[194884272.00],
[234116832.00],
[844511796.00],
[46363204.80],
[276240774.60],
[780670533.60],
[216040204.80],
[864977850.00],
[64101744.00],
[512837244.00],
[123433692.00],
[178231449.60],
[243324435.20],
[110653555.20],
[61281946.80],
[559660617.60],
[73889115.30],
[1643249214.00],
[260445984.00],
[221564763.00],
[77339187.20],
[470593675.80],
[37238116.00],
[19209001.50],
[14476356.00],
[622874260.80],
[830076336.00],
[173802420.00],
[365442570.00],
[470872392.00],
[115763024.00],
[61987550.40],
[162695484.00],
[89603883.00],
[71282820.00],
[946457736.00],
[52456252.80],
[60354393.00],
[52838488.80],
[404453088.00],
[677587950.00],
[46142174.40],
[172689692.40],
[33610780.80],
[399120976.80],
[583002260.10],
[190171454.40],
[147696501.60],
[751324798.80],
[169152094.80],
[202219869.00],
[90997939.20],
[144050120.40],
[51040433.60],
[5369705.00],
[218386967.40],
[121426700.40],
[327110995.20],
[387099612.90],
[270168372.00],
[187212207.00],
[155980180.80],
[238829080.00],
[517324419.00],
[242559630.00],
[20453686.00],
[146087732.00],
[375168960.00],
[12455833.60],
[264019492.00],
[227283536.40],
[32547360.00],
[30793044.00],
[1395378306.00],
[109039778.10],
[412836631.20],
[422194819.20],
[160004520.00],
[159851311.20],
[1300775112.00],
[210438481.50],
[294809906.40],
[646775436.00],
[68147892.00],
[347603550.00],
[78744273.30],
[588413580.00],
[107011194.00],
[1133055072.00],
[42945856.80],
[121837867.20],
[29105276.40],
[11689714.80],
[1456763587.20],
[996444158.40],
[650443051.80],
[501361416.00],
[579397502.40],
[196498688.40],
[552121765.20],
[93777737.20],
[757198962.00],
[513628236.00],
[551403700.80],
[43287897.60],
[783173965.50],
[154994188.80],
[136200926.40],
[496989154.20],
[142621785.60],
[562952978.00],
[91558454.40],
[565747065.00],
[76692830.40],
[96412947.30],
[17260254.00],
[719161113.60],
[326809728.00],
[59878324.80],
[164606803.20],
[651284647.20],
[96778249.20],
[212982432.00],
[44008563.60],
[5551361.40],
[24546009.60],
[188773291.20],
[159205824.00],
[392864377.50],
[760138094.40],
[239032700.00],
[956307772.00],
[112769404.80],
[166545984.00],
[309369585.60],
[152542413.00],
[104440914.00],
[277476121.60],
[36639864.00],
[32671695.60],
[210101621.80],
[425562165.00],
[187664409.60],
[269303248.80],
[73003140.00],
[342799396.80],
[287611371.00],
[43475185.60],
[214879605.30],
[414309168.00],
[40363848.00],
[33234969.60],
[756148932.00],
[4548211.80],
[567647925.00],
[118054260.00],
[1626895800.00],
[241937092.80],
[93497688.00],
[84104731.20],
[52394299.20],
[179233349.40],
[104332498.80],
[164065392.00],
[408398718.00],
[147892802.40],
[54116580.00],
[164178405.00],
[1249002451.20],
[41687030.00],
[49667598.00],
[88227234.40],
[107800740.00],
[256896619.20],
[282565800.00],
[1114821149.40],
[71155522.80],
[169486529.60],
[572458815.60],
[636806808.00],
[130345597.20],
[138453139.80],
[130782750.00],
[70103115.20],
[413960313.00],
[218135471.40],
[366171408.00],
[121251960.00],
[38485636.20],
[28690932.00],
[1167393335.40],
[54759385.80],
[446705928.00],
[189570375.00],
[134666661.00],
[443681049.00],
[19621034.40],
[72967752.00],
[678680640.00],
[424899099.20],
[224353281.60],
[54541555.20],
[148402674.00],
[112449664.80],
[59377134.60],
[91060305.60],
[19499522.00],
[123896466.00],
[9923327.60],
[441384940.80],
[195894547.20],
[63831424.00],
[193132616.40],
[2357860185.00],
[384620643.00],
[4553136.10],
[127182765.60],
[60086793.60],
[60281088.00],
[89937033.60],
[47269524.00],
[187944221.70],
[34599153.60],
[1268564364.00],
[160621568.00],
[328744574.00],
[1088967266.10],
[58439839.20],
[67089983.40],
[333424576.80],
[94021512.00],
[217260880.20],
[765426102.00],
[863325156.00],
[162114120.90],
[136412057.60],
[113232772.80],
[12745852.00],
[337117219.20],
[496659405.60],
[152362512.00],
[429275673.00],
[177404833.60],
[623829924.00],
[93448617.60],
[209084589.00],
[851101981.20],
[33310731.60],
[215886988.80],
[151113361.50],
[707829494.40],
[69739120.00],
[221801325.20],
[234319804.80],
[338068894.80],
[513600264.00],
[52186982.40],
[341775976.50],
[119703778.60],
[321090417.60],
[21582210.00],
[204381998.80],
[579780288.00],
[446235720.00],
[478735257.60],
[376495560.00],
[115545799.20],
[369168850.80],
[27833456.00],
[194999212.80],
[202814658.00],
[101821557.60],
[16126344.00],
[711499363.20],
[236836830.00],
[254371648.00],
[20423898.00],
[266600505.60],
[73545940.00],
[339829846.20],
[112340392.80],
[9563803.20],
[285874045.20],
[430435728.00],
[644032695.60],
[583140187.20],
[10821837.60],
[274554864.00],
[417843793.80],
[586231128.00],
[403831234.80],
[345301632.00],
[784198018.80],
[512500432.00],
[1832405538.60],
[288784957.20],
[38883146.40],
[145689798.80],
[138030984.00],
[313594112.00],
[67126560.00],
[438245433.00],
[406340793.00],
[981248274.00],
[225042950.70],
[252833086.80],
[144363504.00],
[160731376.20],
[95448780.00],
[20766556.80],
[30859857.60],
[552714465.60],
[77330250.00],
[313478539.20],
[654055449.60],
[157810968.00],
[239679648.00],
[112769911.80],
[32725419.60],
[72243614.80],
[94916826.00],
[78944589.60],
[117554580.00],
[270900320.00],
[1090747476.00],
[134479569.60],
[143997547.50],
[211854518.40],
[234159666.00],
[137387184.00],
[425844652.80],
[480595500.00],
[1998390708.00],
[337337863.20],
[1301994540.00],
[60734493.60],
[646372742.40],
[352183788.00],
[244859976.00],
[130140738.00],
[64759392.00],
[122957261.00],
[103895035.20],
[91527301.80],
[89514068.40],
[123318161.60],
[502194144.00],
[618768347.40],
[470586417.00],
[225305064.00],
[78569680.00],
[144483766.40],
[167308811.60],
[741340296.00],
[148876896.00],
[164394751.50],
[82249156.00],
[1394292798.00],
[151071060.00],
[402650166.00],
[26123882.40],
[29663514.00],
[377207064.00],
[44317744.80],
[176764035.00],
[25836604.80],
[130897128.00],
[13070660.40],
[59917265.00],
[253871386.20],
[34655905.00],
[288595401.60],
[139997304.00],
[1146376530.00],
[286326846.00],
[190462080.00],
[29451254.40],
[242494473.90],
[365517734.40],
[445526265.60],
[377631878.40],
[310087440.00],
[327338676.00],
[76713686.40],
[122677349.40],
[138908187.60],
[100855968.00],
[757072650.60],
[453311035.20],
[309790872.00],
[1100846376.00],
[321335091.00],
[153561312.00],
[67345585.60],
[441233440.00],
[478401579.00],
[1827604238.40],
[646549032.00],
[658452438.00],
[1170051885.00],
[217096790.40],
[78024427.20],
[402588894.40],
[300499340.40],
[84408804.00],
[193199069.70],
[243712500.00],
[88050364.00],
[269438190.00],
[195057888.00],
[518233531.20],
[187450956.00],
[908487471.60],
[145951572.20],
[10509312.00],
[62570265.60],
[552532464.00],
[32934300.00],
[127065420.00],
[56842704.00],
[257642641.60],
[261487578.00],
[8445566.00],
[128768605.00],
[13735176.00],
[913502003.20],
[62687050.20],
[430443636.00],
[2335133433.60],
[732318084.00],
[181201838.40],
[63811165.60],
[212285840.00],
[352019928.00],
[139201452.00],
[162725224.50],
[539596869.00],
[1419689161.80],
[834507414.00],
[427396156.80],
[187946892.00],
[153478701.60],
[37467583.80],
[912803832.00],
[113566811.40],
[41855691.60],
[1205242934.40],
[168389280.00],
[443459755.20],
[1221606873.90],
[447813100.80],
[1157051700.00],
[248698863.00],
[443373714.00],
[259385407.20],
[481986215.20],
[440753738.40],
[16715678.40],
[1991635468.20],
[32046832.80],
[47928006.00],
[213696151.20],
[50435332.80],
[94813659.00],
[97187151.60],
[27003960.00],
[478155992.40],
[186881476.80],
[64679293.80],
[439694819.10],
[58806432.00],
[146051784.00],
[554888664.00],
[14460836.00],
[51315552.00],
[48466245.00],
[155172772.00],
[118465516.40],
[1022765100.00],
[136688781.60],
[270113793.60],
[1027039852.80],
[751318416.00],
[1487982020.40],
[99454140.00],
[191944935.00],
[422789598.00],
[303597158.40],
[119331874.20],
[185704450.40],
[747272214.00],
[92953249.20],
[28831500.00],
[130118666.40],
[177692086.80],
[518630688.00],
[363810448.80],
[109730610.00],
[171800095.00],
[585616600.80],
[85925868.00],
[414098073.60],
[435187363.20],
[131486636.00],
[350927253.60],
[224115408.00],
[412894041.00],
[324478548.00],
[47389680.00],
[94959043.20],
[56798692.80],
[93012460.80],
[669141399.60],
[113921420.00],
[17238573.00],
[539076844.80],
[320583463.20],
[247874688.00],
[66980760.00],
[69204645.00],
[604738164.60],
[222466564.80],
[668032110.00],
[365300286.40],
[995780016.00],
[72059308.20],
[202042684.80],
[26735709.00],
[8759995.20],
[310416786.00],
[1024034076.00],
[258962263.20],
[182863850.40],
[271839355.20],
[949007928.00],
[43856032.00],
[111214849.20],
[87248750.40],
[1380537012.00],
[157197888.00],
[641008890.00],
[155161723.20],
[62033460.00],
[246200774.40],
[182065682.40],
[369767160.00],
[63768633.60],
[112105554.00],
[448492574.40],
[10735010.00],
[175205940.00],
[371134780.80],
[182176176.60],
[55900544.00],
[204856873.20],
[646498425.60],
[164256153.60],
[402659856.00],
[126789835.20],
[112535458.00],
[53817598.80],
[43389432.00],
[169746530.10],
[16871474.40],
[230185260.80],
[897236648.00],
[529527124.80],
[446488200.00],
[103715320.80],
[256145603.40],
[136436302.80],
[72392247.50],
[330970978.80],
[11439170.40],
[152132472.00],
[898975584.00],
[11042220.00],
[540107424.00],
[145152672.00],
[49132979.20],
[102186393.60],
[163389116.80],
[324478560.00],
[352901749.20],
[12668508.00],
[651719376.00],
[31102624.00],
[218785476.00],
[292830325.20],
[29813635.60],
[23386636.00],
[199350228.00],
[26982732.00],
[390214756.80],
[332540844.00],
[22393118.00],
[170375142.40],
[937874235.60],
[448399980.00],
[41880506.40],
[155301124.80],
[528571008.00],
[678034962.00],
[287740225.50],
[222157155.20],
[434647440.00],
[393677222.40],
[82646928.00],
[35134298.40],
[362873923.20],
[158491468.80],
[74640297.60],
[430870233.60],
[71141764.80],
[210728448.00],
[135755247.60],
[68565852.00],
[368536942.80],
[13050979.20],
[890438976.00],
[41209125.00],
[131235840.00],
[798479383.50],
[372896181.00],
[265376836.20],
[102924096.00],
[223591544.00],
[118090784.00],
[52407152.00],
[123922183.20],
[188758092.60],
[292230432.00],
[156804595.20],
[77493663.60],
[65332512.00],
[234403910.40],
[33118221.60],
[184488128.00],
[519791580.00],
[1764540900.00],
[126640116.00],
[150663252.60],
[356096505.60],
[149577993.60],
[594289548.00],
[60078895.80],
[1090403294.40],
[145000594.20],
[1072350252.00],
[51197412.00],
[60868480.40],
[117170960.40],
[1020292944.00],
[128430570.50],
[8420236.00],
[688447800.00],
[98703363.00],
[70096346.60],
[870302620.80],
[75112228.00],
[664850073.60],
[111475996.80],
[82882392.00],
[253974427.20],
[66489699.00],
[515928547.80],
[61133300.80],
[211677632.10],
[206443036.80],
[890537198.40],
[486580608.00],
[25384586.40],
[1662616144.80],
[360970579.20],
[173355864.00],
[642195225.00],
[65680074.00],
[176446224.00],
[48264340.80],
[37943848.80],
[763120650.00],
[174673665.00],
[355428748.80],
[19897177.70],
[157054521.60],
[317201335.20],
[92532368.60],
[105164265.60],
[171770590.80],
[89338560.00],
[16237632.00],
[56833227.00],
[163733486.40],
[216285409.20],
[346012651.80],
[1005526267.20],
[395810928.00],
[18482454.00],
[297640742.40],
[56313920.00],
[60937968.00],
[1499502002.40],
[214077590.40],
[84170469.60],
[53194464.00],
[199364587.20],
[40780920.00],
[202194929.70],
[102490742.40],
[137304288.00],
[80088372.00],
[173000443.20],
[272134688.40],
[386337517.20],
[222048662.40],
[244706011.20],
[219939314.40],
[46497024.00],
[60109637.00],
[79082955.00],
[213803550.00],
[89134819.20],
[298505932.80],
[134971689.60],
[785162322.00],
[208661394.60],
[78845359.50],
[129419316.00],
[38494724.40],
[476618572.80],
[109291238.40],
[86275988.40],
[606630408.00],
[112451237.10],
[115769916.00],
[412607860.20],
[200673277.20],
[618472800.00],
[70285022.00],
[64724546.00],
[113161401.60],
[132548400.00],
[302096160.00],
[16430342.40],
[65979720.00],
[672254500.80],
[42759705.60],
[22871360.40],
[140726796.00],
[264990769.20],
[388377860.40],
[639129333.60],
[177208558.80],
[305725564.80],
[349970150.40],
[691007112.00],
[74032716.00],
[173911082.40],
[184044864.00],
[351160983.00],
[274284528.00],
[558392778.00],
[6962284.80],
[127617109.20],
[131494376.80],
[35564280.00],
[135880836.00],
[708997968.00],
[567220636.80],
[993540781.80],
[86293897.20],
[317760120.00],
[694012410.00],
[59007712.00],
[289662712.20],
[126307710.00],
[1026424558.80],
[245308728.00],
[309808403.10],
[49746906.00],
[46567994.20],
[340945920.00],
[133701636.00],
[1164104193.60],
[269891388.00],
[108489763.20],
[174734262.00],
[167588366.40],
[465697836.00],
[169291180.80],
[108441750.00],
[333562854.60],
[612748262.40],
[542722996.80],
[79075483.20],
[913410135.00],
[517948732.80],
[177189750.00],
[320561193.60],
[108984393.00],
[235784649.60],
[18401544.00],
[777572082.00],
[38800925.80],
[140255001.60],
[18268575.00],
[169786400.00],
[141122150.40],
[52944553.50],
[352896584.40],
[212040720.00],
[631501579.80],
[57236279.10],
[277156416.60],
[356290790.40],
[235344222.00],
[45033138.80],
[34404552.00],
[67811931.20],
[184689674.40],
[91125158.40],
[17018760.00],
[143427668.80],
[55341156.00],
[129322830.00],
[79991952.00],
[105835231.80],
[43169408.40],
[134759232.00],
[87356550.00],
[58464120.00],
[46895758.00],
[247023660.00],
[93149416.80],
[24898057.60],
[255857011.20],
[79193563.20],
[343947027.60],
[304268188.80],
[67163367.60],
[172298750.40],
[112656057.60],
[80303076.00],
[214297075.20],
[182177890.00],
[141916549.20],
[536550436.80],
[87601675.20],
[290065104.00],
[26941723.20],
[62071651.20],
[24592012.80],
[91849764.00],
[42887182.50],
[104770864.00],
[194645424.00],
[809528126.40],
[239243400.00],
[97572859.20],
[57398457.60],
[1113195283.20],
[81028930.50],
[618892293.60],
[92729196.00],
[230645419.20],
[170925216.00],
[158587243.20],
[402384469.50],
[597308477.40],
[71975052.00],
[692339950.80],
[191099466.00],
[1808295786.00],
[135463209.60],
[654176264.40],
[1330779513.60],
[247598697.60],
[10396803.20],
[907304101.20],
[1381146390.00],
[493332048.00],
[30733920.00],
[565418289.60],
[42806988.80],
[262670361.60],
[763634572.80],
[157203480.00],
[1213815974.40],
[252999766.80],
[407774759.40],
[3692619.00],
[209101140.00],
[59565158.40],
[131604720.00],
[202883805.00],
[305300730.00],
[321917614.20],
[159147577.60],
[231394255.20],
[37382246.40],
[71802948.00],
[1627185483.00],
[581624712.00],
[110583093.60],
[206900368.00],
[197457612.00],
[767723652.00],
[746585892.00],
[7397223.60],
[292358685.60],
[140564687.20],
[386134974.00],
[796388392.80],
[32324463.60],
[425868424.80],
[466137720.00],
[39506875.20],
[111223284.00],
[7708153.20],
[250970886.00],
[337869520.00],
[147053104.00],
[339479150.40],
[40715241.00],
[77838999.00],
[129840392.00],
[192858084.00],
[501002208.00],
[283852031.40],
[48984804.00],
[23069077.20],
[202328640.00],
[995565016.80],
[548612438.40],
[1362020985.00],
[164600040.00],
[221446317.60],
[369060568.80],
[290667439.20],
[159123398.40],
[343851345.60],
